0,1,666,1
0,2,281,1
0,3,396,1
0,4,291,1
0,5,326,1
0,6,641,1
0,7,427,1
0,8,600,1
0,9,561,1
0,10,1041,1
0,11,655,1
0,12,975,1
0,13,1121,1
0,14,299,1
0,15,260,1
0,16,430,1
0,17,162,1
0,18,305,1
0,19,210,1
0,20,287,1
0,21,46,1
0,22,181,1
0,23,275,1
0,24,410,1
0,25,729,1
0,26,799,1
0,27,707,1
0,28,406,1
0,29,360,1
0,30,146,1
0,31,91,1
0,32,827,1
0,33,135,1
0,34,122,1
0,35,125,1
0,36,208,1
0,37,240,1
0,38,166,1
0,39,209,1
0,40,395,1
0,41,566,1
0,42,464,1
0,43,154,1
0,44,240,1
0,45,280,1
0,46,791,1
0,47,267,1
0,48,64,1
0,49,217,1
0,50,789,1
0,51,1220,1
1,0,666,1
1,2,649,1
1,3,1047,1
1,4,945,1
1,5,978,1
1,6,45,1
1,7,956,1
1,8,1135,1
1,9,1133,1
1,10,1639,1
1,11,1259,1
1,12,1440,1
1,13,1516,1
1,14,958,1
1,15,724,1
1,16,495,1
1,17,595,1
1,18,843,1
1,19,564,1
1,20,392,1
1,21,636,1
1,22,510,1
1,23,922,1
1,24,1029,1
1,25,1192,1
1,26,1302,1
1,27,1244,1
1,28,635,1
1,29,390,1
1,30,541,1
1,31,730,1
1,32,1489,1
1,33,782,1
1,34,777,1
1,35,785,1
1,36,858,1
1,37,897,1
1,38,828,1
1,39,870,1
1,40,896,1
1,41,103,1
1,42,1124,1
1,43,745,1
1,44,823,1
1,45,859,1
1,46,1151,1
1,47,910,1
1,48,728,1
1,49,596,1
1,50,1422,1
1,51,1716,1
2,0,281,1
2,1,649,1
2,3,604,1
2,4,509,1
2,5,543,1
2,6,611,1
2,7,308,1
2,8,486,1
2,9,487,1
2,10,1267,1
2,11,891,1
2,12,1248,1
2,13,1400,1
2,14,505,1
2,15,537,1
2,16,217,1
2,17,135,1
2,18,207,1
2,19,441,1
2,20,289,1
2,21,241,1
2,22,361,1
2,23,506,1
2,24,653,1
2,25,1006,1
2,26,1068,1
2,27,970,1
2,28,651,1
2,29,504,1
2,30,209,1
2,31,245,1
2,32,903,1
2,33,394,1
2,34,374,1
2,35,368,1
2,36,447,1
2,37,462,1
2,38,392,1
2,39,427,1
2,40,247,1
2,41,550,1
2,42,557,1
2,43,434,1
2,44,220,1
2,45,553,1
2,46,1072,1
2,47,505,1
2,48,288,1
2,49,463,1
2,50,995,1
2,51,1484,1
3,0,396,1
3,1,1047,1
3,2,604,1
3,4,104,1
3,5,70,1
3,6,1026,1
3,7,525,1
3,8,611,1
3,9,534,1
3,10,663,1
3,11,294,1
3,12,711,1
3,13,897,1
3,14,100,1
3,15,384,1
3,16,800,1
3,17,532,1
3,18,475,1
3,19,501,1
3,20,681,1
3,21,437,1
3,22,538,1
3,23,125,1
3,24,109,1
3,25,516,1
3,26,527,1
3,27,417,1
3,28,580,1
3,29,690,1
3,30,541,1
3,31,371,1
3,32,517,1
3,33,267,1
3,34,275,1
3,35,271,1
3,36,190,1
3,37,155,1
3,38,230,1
3,39,188,1
3,40,545,1
3,41,950,1
3,42,245,1
3,43,307,1
3,44,411,1
3,45,231,1
3,46,660,1
3,47,137,1
3,48,345,1
3,49,478,1
3,50,397,1
3,51,909,1
4,0,291,1
4,1,945,1
4,2,509,1
4,3,104,1
4,5,35,1
4,6,924,1
4,7,471,1
4,8,584,1
4,9,513,1
4,10,761,1
4,11,382,1
4,12,769,1
4,13,944,1
4,14,25,1
4,15,309,1
4,16,700,1
4,17,430,1
4,18,401,1
4,19,407,1
4,20,577,1
4,21,332,1
4,22,437,1
4,23,32,1
4,24,150,1
4,25,552,1
4,26,584,1
4,27,479,1
4,28,510,1
4,29,594,1
4,30,437,1
4,31,270,1
4,32,590,1
4,33,163,1
4,34,171,1
4,35,166,1
4,36,87,1
4,37,51,1
4,38,127,1
4,39,85,1
4,40,480,1
4,41,848,1
4,42,267,1
4,43,212,1
4,44,331,1
4,45,171,1
4,46,674,1
4,47,47,1
4,48,242,1
4,49,387,1
4,50,500,1
4,51,984,1
5,0,326,1
5,1,978,1
5,2,543,1
5,3,70,1
5,4,35,1
5,6,957,1
5,7,492,1
5,8,596,1
5,9,523,1
5,10,726,1
5,11,349,1
5,12,744,1
5,13,923,1
5,14,40,1
5,15,329,1
5,16,735,1
5,17,466,1
5,18,428,1
5,19,435,1
5,20,612,1
5,21,368,1
5,22,469,1
5,23,57,1
5,24,124,1
5,25,533,1
5,26,559,1
5,27,452,1
5,28,528,1
5,29,624,1
5,30,472,1
5,31,305,1
5,32,568,1
5,33,197,1
5,34,206,1
5,35,201,1
5,36,121,1
5,37,86,1
5,38,162,1
5,39,120,1
5,40,504,1
5,41,881,1
5,42,260,1
5,43,241,1
5,44,360,1
5,45,182,1
5,46,662,1
5,47,71,1
5,48,277,1
5,49,414,1
5,50,465,1
5,51,955,1
6,0,641,1
6,1,45,1
6,2,611,1
6,3,1026,1
6,4,924,1
6,5,957,1
6,7,918,1
6,8,1096,1
6,9,1096,1
6,10,1627,1
6,11,1245,1
6,12,1440,1
6,13,1522,1
6,14,935,1
6,15,714,1
6,16,451,1
6,17,562,1
6,18,807,1
6,19,552,1
6,20,362,1
6,21,609,1
6,22,491,1
6,23,901,1
6,24,1012,1
6,25,1190,1
6,26,1298,1
6,27,1237,1
6,28,637,1
6,29,386,1
6,30,512,1
6,31,701,1
6,32,1460,1
6,33,760,1
6,34,754,1
6,35,762,1
6,36,836,1
6,37,875,1
6,38,804,1
6,39,847,1
6,40,858,1
6,41,76,1
6,42,1095,1
6,43,727,1
6,44,789,1
6,45,844,1
6,46,1157,1
6,47,890,1
6,48,702,1
6,49,585,1
6,50,1405,1
6,51,1715,1
7,0,427,1
7,1,956,1
7,2,308,1
7,3,525,1
7,4,471,1
7,5,492,1
7,6,918,1
7,8,183,1
7,9,180,1
7,10,1145,1
7,11,812,1
7,12,1234,1
7,13,1414,1
7,14,453,1
7,15,661,1
7,16,507,1
7,17,381,1
7,18,126,1
7,19,636,1
7,20,580,1
7,21,415,1
7,22,587,1
7,23,487,1
7,24,616,1
7,25,1023,1
7,26,1049,1
7,27,941,1
7,28,831,1
7,29,759,1
7,30,457,1
7,31,339,1
7,32,645,1
7,33,455,1
7,34,435,1
7,35,422,1
7,36,461,1
7,37,446,1
7,38,414,1
7,39,422,1
7,40,64,1
7,41,856,1
7,42,359,1
7,43,530,1
7,44,187,1
7,45,599,1
7,46,1136,1
7,47,495,1
7,48,383,1
7,49,644,1
7,50,860,1
7,51,1430,1
8,0,600,1
8,1,1135,1
8,2,486,1
8,3,611,1
8,4,584,1
8,5,596,1
8,6,1096,1
8,7,183,1
8,9,83,1
8,10,1166,1
8,11,874,1
8,12,1317,1
8,13,1507,1
8,14,561,1
8,15,818,1
8,16,670,1
8,17,565,1
8,18,308,1
8,19,810,1
8,20,763,1
8,21,593,1
8,22,767,1
8,23,606,1
8,24,714,1
8,25,1126,1
8,26,1135,1
8,27,1024,1
8,28,998,1
8,29,940,1
8,30,640,1
8,31,510,1
8,32,570,1
8,33,607,1
8,34,589,1
8,35,575,1
8,36,596,1
8,37,572,1
8,38,558,1
8,39,555,1
8,40,239,1
8,41,1036,1
8,42,390,1
8,43,686,1
8,44,361,1
8,45,734,1
8,46,1257,1
8,47,618,1
8,48,551,1
8,49,815,1
8,50,883,1
8,51,1487,1
9,0,561,1
9,1,1133,1
9,2,487,1
9,3,534,1
9,4,513,1
9,5,523,1
9,6,1096,1
9,7,180,1
9,8,83,1
9,10,1083,1
9,11,792,1
9,12,1237,1
9,13,1428,1
9,14,490,1
9,15,764,1
9,16,686,1
9,17,548,1
9,18,291,1
9,19,770,1
9,20,751,1
9,21,560,1
9,22,735,1
9,23,538,1
9,24,639,1
9,25,1050,1
9,26,1055,1
9,27,945,1
9,28,950,1
9,29,912,1
9,30,619,1
9,31,471,1
9,32,501,1
9,33,552,1
9,34,536,1
9,35,521,1
9,36,534,1
9,37,506,1
9,38,500,1
9,39,492,1
9,40,244,1
9,41,1032,1
9,42,308,1
9,43,632,1
9,44,329,1
9,45,670,1
9,46,1185,1
9,47,550,1
9,48,507,1
9,49,772,1
9,50,800,1
9,51,1404,1
10,0,1041,1
10,1,1639,1
10,2,1267,1
10,3,663,1
10,4,761,1
10,5,726,1
10,6,1627,1
10,7,1145,1
10,8,1166,1
10,9,1083,1
10,11,387,1
10,12,443,1
10,13,620,1
10,14,762,1
10,15,915,1
10,16,1461,1
10,17,1190,1
10,18,1124,1
10,19,1076,1
10,20,1314,1
10,21,1086,1
10,22,1144,1
10,23,770,1
10,24,631,1
10,25,541,1
10,26,417,1
10,27,418,1
10,28,1042,1
10,29,1251,1
10,30,1187,1
10,31,1031,1
10,32,706,1
10,33,906,1
10,34,920,1
10,35,920,1
10,36,835,1
10,37,810,1
10,38,885,1
10,39,846,1
10,40,1180,1
10,41,1552,1
10,42,789,1
10,43,913,1
10,44,1068,1
10,45,787,1
10,46,705,1
10,47,775,1
10,48,1000,1
10,49,1043,1
10,50,285,1
10,51,399,1
11,0,655,1
11,1,1259,1
11,2,891,1
11,3,294,1
11,4,382,1
11,5,349,1
11,6,1245,1
11,7,812,1
11,8,874,1
11,9,792,1
11,10,387,1
11,12,452,1
11,13,653,1
11,14,388,1
11,15,538,1
11,16,1078,1
11,17,807,1
11,18,769,1
11,19,694,1
11,20,927,1
11,21,700,1
11,22,758,1
11,23,388,1
11,24,245,1
11,25,335,1
11,26,283,1
11,27,182,1
11,28,688,1
11,29,875,1
11,30,800,1
11,31,651,1
11,32,584,1
11,33,520,1
11,34,535,1
11,35,536,1
11,36,451,1
11,37,430,1
11,38,503,1
11,39,465,1
11,40,836,1
11,41,1170,1
11,42,484,1
11,43,526,1
11,44,705,1
11,45,401,1
11,46,517,1
11,47,391,1
11,48,617,1
11,49,663,1
11,50,188,1
11,51,619,1
12,0,975,1
12,1,1440,1
12,2,1248,1
12,3,711,1
12,4,769,1
12,5,744,1
12,6,1440,1
12,7,1234,1
12,8,1317,1
12,9,1237,1
12,10,443,1
12,11,452,1
12,13,206,1
12,14,784,1
12,15,759,1
12,16,1400,1
12,17,1137,1
12,18,1169,1
12,19,920,1
12,20,1195,1
12,21,1020,1
12,22,1008,1
12,23,760,1
12,24,620,1
12,25,254,1
12,26,185,1
12,27,294,1
12,28,805,1
12,29,1056,1
12,30,1104,1
12,31,1004,1
12,32,1010,1
12,33,854,1
12,34,874,1
12,35,881,1
12,36,807,1
12,37,804,1
12,38,863,1
12,39,836,1
12,40,1248,1
12,41,1371,1
12,42,931,1
12,43,822,1
12,44,1098,1
12,45,696,1
12,46,324,1
12,47,756,1
12,48,959,1
12,49,885,1
12,50,540,1
12,51,279,1
13,0,1121,1
13,1,1516,1
13,2,1400,1
13,3,897,1
13,4,944,1
13,5,923,1
13,6,1522,1
13,7,1414,1
13,8,1507,1
13,9,1428,1
13,10,620,1
13,11,653,1
13,12,206,1
13,14,962,1
13,15,884,1
13,16,1534,1
13,17,1281,1
13,18,1341,1
13,19,1035,1
13,20,1313,1
13,21,1165,1
13,22,1127,1
13,23,931,1
13,24,799,1
13,25,396,1
13,26,374,1
13,27,484,1
13,28,887,1
13,29,1146,1
13,30,1239,1
13,31,1161,1
13,32,1216,1
13,33,1010,1
13,34,1031,1
13,35,1039,1
13,36,971,1
13,37,975,1
13,38,1026,1
13,39,1004,1
13,40,1423,1
13,41,1457,1
13,42,1125,1
13,43,966,1
13,44,1268,1
13,45,849,1
13,46,365,1
13,47,925,1
13,48,1114,1
13,49,1000,1
13,50,745,1
13,51,319,1
14,0,299,1
14,1,958,1
14,2,505,1
14,3,100,1
14,4,25,1
14,5,40,1
14,6,935,1
14,7,453,1
14,8,561,1
14,9,490,1
14,10,762,1
14,11,388,1
14,12,784,1
14,13,962,1
14,15,332,1
14,16,700,1
14,17,432,1
14,18,388,1
14,19,425,1
14,20,586,1
14,21,339,1
14,22,451,1
14,23,56,1
14,24,164,1
14,25,571,1
14,26,599,1
14,27,492,1
14,28,533,1
14,29,612,1
14,30,443,1
14,31,270,1
14,32,569,1
14,33,176,1
14,34,181,1
14,35,175,1
14,36,103,1
14,37,61,1
14,38,133,1
14,39,90,1
14,40,464,1
14,41,860,1
14,42,242,1
14,43,231,1
14,44,320,1
14,45,196,1
14,46,696,1
14,47,72,1
14,48,246,1
14,49,406,1
14,50,497,1
14,51,995,1
15,0,260,1
15,1,724,1
15,2,537,1
15,3,384,1
15,4,309,1
15,5,329,1
15,6,714,1
15,7,661,1
15,8,818,1
15,9,764,1
15,10,915,1
15,11,538,1
15,12,759,1
15,13,884,1
15,14,332,1
15,16,651,1
15,17,408,1
15,18,549,1
15,19,165,1
15,20,435,1
15,21,297,1
15,22,249,1
15,23,278,1
15,24,326,1
15,25,506,1
15,26,598,1
15,27,526,1
15,28,201,1
15,29,337,1
15,30,357,1
15,31,331,1
15,32,897,1
15,33,211,1
15,34,229,1
15,35,243,1
15,36,244,1
15,37,284,1
15,38,265,1
15,39,282,1
15,40,641,1
15,41,640,1
15,42,570,1
15,43,132,1
15,44,476,1
15,45,156,1
15,46,539,1
15,47,262,1
15,48,282,1
15,49,130,1
15,50,710,1
15,51,1023,1
16,0,430,1
16,1,495,1
16,2,217,1
16,3,800,1
16,4,700,1
16,5,735,1
16,6,451,1
16,7,507,1
16,8,670,1
16,9,686,1
16,10,1461,1
16,11,1078,1
16,12,1400,1
16,13,1534,1
16,14,700,1
16,15,651,1
16,17,272,1
16,18,421,1
16,19,512,1
16,20,253,1
16,21,383,1
16,22,418,1
16,23,691,1
16,24,834,1
16,25,1149,1
16,26,1226,1
16,27,1136,1
16,28,707,1
16,29,492,1
16,30,296,1
16,31,430,1
16,32,1120,1
16,33,561,1
16,34,545,1
16,35,543,1
16,36,627,1
16,37,650,1
16,38,576,1
16,39,615,1
16,40,443,1
16,41,408,1
16,42,773,1
16,43,579,1
16,44,437,1
16,45,708,1
16,46,1188,1
16,47,687,1
16,48,462,1
16,49,544,1
16,50,1197,1
16,51,1649,1
17,0,162,1
17,1,595,1
17,2,135,1
17,3,532,1
17,4,430,1
17,5,466,1
17,6,562,1
17,7,381,1
17,8,565,1
17,9,548,1
17,10,1190,1
17,11,807,1
17,12,1137,1
17,13,1281,1
17,14,432,1
17,15,408,1
17,16,272,1
17,18,258,1
17,19,306,1
17,20,205,1
17,21,116,1
17,22,229,1
17,23,420,1
17,24,563,1
17,25,890,1
17,26,960,1
17,27,867,1
17,28,517,1
17,29,385,1
17,30,80,1
17,31,163,1
17,32,903,1
17,33,290,1
17,34,273,1
17,35,271,1
17,36,356,1
17,37,380,1
17,38,305,1
17,39,345,1
17,40,330,1
17,41,493,1
17,42,541,1
17,43,315,1
17,44,228,1
17,45,441,1
17,46,946,1
17,47,416,1
17,48,190,1
17,49,329,1
17,50,929,1
17,51,1381,1
18,0,305,1
18,1,843,1
18,2,207,1
18,3,475,1
18,4,401,1
18,5,428,1
18,6,807,1
18,7,126,1
18,8,308,1
18,9,291,1
18,10,1124,1
18,11,769,1
18,12,1169,1
18,13,1341,1
18,14,388,1
18,15,549,1
18,16,421,1
18,17,258,1
18,19,512,1
18,20,461,1
18,21,290,1
18,22,461,1
18,23,410,1
18,24,551,1
18,25,945,1
18,26,985,1
18,27,879,1
18,28,711,1
18,29,633,1
18,30,332,1
18,31,220,1
18,32,701,1
18,33,351,1
18,34,330,1
18,35,318,1
18,36,371,1
18,37,366,1
18,38,319,1
18,39,336,1
18,40,92,1
18,41,742,1
18,42,368,1
18,43,420,1
18,44,75,1
18,45,504,1
18,46,1045,1
18,47,415,1
18,48,267,1
18,49,522,1
18,50,843,1
18,51,1382,1
19,0,210,1
19,1,564,1
19,2,441,1
19,3,501,1
19,4,407,1
19,5,435,1
19,6,552,1
19,7,636,1
19,8,810,1
19,9,770,1
19,10,1076,1
19,11,694,1
19,12,920,1
19,13,1035,1
19,14,425,1
19,15,165,1
19,16,512,1
19,17,306,1
19,18,512,1
19,20,279,1
19,21,224,1
19,22,94,1
19,23,378,1
19,24,467,1
19,25,666,1
19,26,762,1
19,27,691,1
19,28,210,1
19,29,189,1
19,30,236,1
19,31,300,1
19,32,990,1
19,33,257,1
19,34,262,1
19,35,275,1
19,36,323,1
19,37,366,1
19,38,314,1
19,39,348,1
19,40,601,1
19,41,477,1
19,42,638,1
19,43,194,1
19,44,450,1
19,45,295,1
19,46,680,1
19,47,365,1
19,48,264,1
19,49,35,1
19,50,859,1
19,51,1186,1
20,0,287,1
20,1,392,1
20,2,289,1
20,3,681,1
20,4,577,1
20,5,612,1
20,6,362,1
20,7,580,1
20,8,763,1
20,9,751,1
20,10,1314,1
20,11,927,1
20,12,1195,1
20,13,1313,1
20,14,586,1
20,15,435,1
20,16,253,1
20,17,205,1
20,18,461,1
20,19,279,1
20,21,251,1
20,22,187,1
20,23,558,1
20,24,685,1
20,25,941,1
20,26,1031,1
20,27,952,1
20,28,459,1
20,29,242,1
20,30,150,1
20,31,340,1
20,32,1098,1
20,33,416,1
20,34,406,1
20,35,411,1
20,36,492,1
20,37,527,1
20,38,453,1
20,39,496,1
20,40,525,1
20,41,290,1
20,42,733,1
20,43,402,1
20,44,433,1
20,45,530,1
20,46,958,1
20,47,549,1
20,48,344,1
20,49,313,1
20,50,1072,1
20,51,1457,1
21,0,46,1
21,1,636,1
21,2,241,1
21,3,437,1
21,4,332,1
21,5,368,1
21,6,609,1
21,7,415,1
21,8,593,1
21,9,560,1
21,10,1086,1
21,11,700,1
21,12,1020,1
21,13,1165,1
21,14,339,1
21,15,297,1
21,16,383,1
21,17,116,1
21,18,290,1
21,19,224,1
21,20,251,1
21,22,175,1
21,23,318,1
21,24,455,1
21,25,774,1
21,26,844,1
21,27,753,1
21,28,429,1
21,29,353,1
21,30,104,1
21,31,97,1
21,32,853,1
21,33,180,1
21,34,165,1
21,35,167,1
21,36,251,1
21,37,281,1
21,38,206,1
21,39,249,1
21,40,378,1
21,41,535,1
21,42,488,1
21,43,199,1
21,44,233,1
21,45,326,1
21,46,832,1
21,47,311,1
21,48,94,1
21,49,237,1
21,50,832,1
21,51,1266,1
22,0,181,1
22,1,510,1
22,2,361,1
22,3,538,1
22,4,437,1
22,5,469,1
22,6,491,1
22,7,587,1
22,8,767,1
22,9,735,1
22,10,1144,1
22,11,758,1
22,12,1008,1
22,13,1127,1
22,14,451,1
22,15,249,1
22,16,418,1
22,17,229,1
22,18,461,1
22,19,94,1
22,20,187,1
22,21,175,1
22,23,412,1
22,24,522,1
22,25,754,1
22,26,846,1
22,27,770,1
22,28,296,1
22,29,179,1
22,30,152,1
22,31,267,1
22,32,1002,1
22,33,275,1
22,34,273,1
22,35,283,1
22,36,349,1
22,37,390,1
22,38,326,1
22,39,366,1
22,40,545,1
22,41,415,1
22,42,641,1
22,43,236,1
22,44,407,1
22,45,357,1
22,46,774,1
22,47,401,1
22,48,244,1
22,49,127,1
22,50,914,1
22,51,1271,1
23,0,275,1
23,1,922,1
23,2,506,1
23,3,125,1
23,4,32,1
23,5,57,1
23,6,901,1
23,7,487,1
23,8,606,1
23,9,538,1
23,10,770,1
23,11,388,1
23,12,760,1
23,13,931,1
23,14,56,1
23,15,278,1
23,16,691,1
23,17,420,1
23,18,410,1
23,19,378,1
23,20,558,1
23,21,318,1
23,22,412,1
23,24,147,1
23,25,537,1
23,26,576,1
23,27,472,1
23,28,478,1
23,29,567,1
23,30,421,1
23,31,263,1
23,32,621,1
23,33,142,1
23,34,153,1
23,35,151,1
23,36,67,1
23,37,45,1
23,38,115,1
23,39,79,1
23,40,492,1
23,41,825,1
23,42,298,1
23,43,184,1
23,44,338,1
23,45,140,1
23,46,653,1
23,47,16,1
23,48,230,1
23,49,358,1
23,50,515,1
23,51,982,1
24,0,410,1
24,1,1029,1
24,2,653,1
24,3,109,1
24,4,150,1
24,5,124,1
24,6,1012,1
24,7,616,1
24,8,714,1
24,9,639,1
24,10,631,1
24,11,245,1
24,12,620,1
24,13,799,1
24,14,164,1
24,15,326,1
24,16,834,1
24,17,563,1
24,18,551,1
24,19,467,1
24,20,685,1
24,21,455,1
24,22,522,1
24,23,147,1
24,25,412,1
24,26,435,1
24,27,329,1
24,28,509,1
24,29,654,1
24,30,556,1
24,31,409,1
24,32,606,1
24,33,275,1
24,34,290,1
24,35,292,1
24,36,207,1
24,37,191,1
24,38,261,1
24,39,226,1
24,40,628,1
24,41,936,1
24,42,354,1
24,43,286,1
24,44,481,1
24,45,173,1
24,46,551,1
24,47,148,1
24,48,373,1
24,49,439,1
24,50,393,1
24,51,835,1
25,0,729,1
25,1,1192,1
25,2,1006,1
25,3,516,1
25,4,552,1
25,5,533,1
25,6,1190,1
25,7,1023,1
25,8,1126,1
25,9,1050,1
25,10,541,1
25,11,335,1
25,12,254,1
25,13,396,1
25,14,571,1
25,15,506,1
25,16,1149,1
25,17,890,1
25,18,945,1
25,19,666,1
25,20,941,1
25,21,774,1
25,22,754,1
25,23,537,1
25,24,412,1
25,26,126,1
25,27,159,1
25,28,559,1
25,29,805,1
25,30,853,1
25,31,766,1
25,32,917,1
25,33,614,1
25,34,635,1
25,35,644,1
25,36,576,1
25,37,580,1
25,38,630,1
25,39,609,1
25,40,1029,1
25,41,1120,1
25,42,756,1
25,43,575,1
25,44,872,1
25,45,454,1
25,46,186,1
25,47,531,1
25,48,719,1
25,49,631,1
25,50,496,1
25,51,525,1
26,0,799,1
26,1,1302,1
26,2,1068,1
26,3,527,1
26,4,584,1
26,5,559,1
26,6,1298,1
26,7,1049,1
26,8,1135,1
26,9,1055,1
26,10,417,1
26,11,283,1
26,12,185,1
26,13,374,1
26,14,599,1
26,15,598,1
26,16,1226,1
26,17,960,1
26,18,985,1
26,19,762,1
26,20,1031,1
26,21,844,1
26,22,846,1
26,23,576,1
26,24,435,1
26,25,126,1
26,27,110,1
26,28,674,1
26,29,912,1
26,30,931,1
26,31,823,1
26,32,862,1
26,33,674,1
26,34,694,1
26,35,700,1
26,36,624,1
26,37,620,1
26,38,680,1
26,39,653,1
26,40,1063,1
26,41,1226,1
26,42,751,1
26,43,647,1
26,44,914,1
26,45,519,1
26,46,292,1
26,47,572,1
26,48,779,1
26,49,726,1
26,50,410,1
26,51,426,1
27,0,707,1
27,1,1244,1
27,2,970,1
27,3,417,1
27,4,479,1
27,5,452,1
27,6,1237,1
27,7,941,1
27,8,1024,1
27,9,945,1
27,10,418,1
27,11,182,1
27,12,294,1
27,13,484,1
27,14,492,1
27,15,526,1
27,16,1136,1
27,17,867,1
27,18,879,1
27,19,691,1
27,20,952,1
27,21,753,1
27,22,770,1
27,23,472,1
27,24,329,1
27,25,159,1
27,26,110,1
27,28,630,1
27,29,853,1
27,30,844,1
27,31,725,1
27,32,767,1
27,33,579,1
27,34,598,1
27,35,603,1
27,36,524,1
27,37,517,1
27,38,580,1
27,39,550,1
27,40,956,1
27,41,1163,1
27,42,641,1
27,43,559,1
27,44,809,1
27,45,429,1
27,46,344,1
27,47,470,1
27,48,683,1
27,49,656,1
27,50,337,1
27,51,514,1
28,0,406,1
28,1,635,1
28,2,651,1
28,3,580,1
28,4,510,1
28,5,528,1
28,6,637,1
28,7,831,1
28,8,998,1
28,9,950,1
28,10,1042,1
28,11,688,1
28,12,805,1
28,13,887,1
28,14,533,1
28,15,201,1
28,16,707,1
28,17,517,1
28,18,711,1
28,19,210,1
28,20,459,1
28,21,429,1
28,22,296,1
28,23,478,1
28,24,509,1
28,25,559,1
28,26,674,1
28,27,630,1
28,29,260,1
28,30,445,1
28,31,492,1
28,32,1096,1
28,33,402,1
28,34,416,1
28,35,431,1
28,36,444,1
28,37,484,1
28,38,459,1
28,39,481,1
28,40,802,1
28,41,571,1
28,42,771,1
28,43,322,1
28,44,644,1
28,45,349,1
28,46,523,1
28,47,462,1
28,48,448,1
28,49,191,1
28,50,871,1
28,51,1082,1
29,0,360,1
29,1,390,1
29,2,504,1
29,3,690,1
29,4,594,1
29,5,624,1
29,6,386,1
29,7,759,1
29,8,940,1
29,9,912,1
29,10,1251,1
29,11,875,1
29,12,1056,1
29,13,1146,1
29,14,612,1
29,15,337,1
29,16,492,1
29,17,385,1
29,18,633,1
29,19,189,1
29,20,242,1
29,21,353,1
29,22,179,1
29,23,567,1
29,24,654,1
29,25,805,1
29,26,912,1
29,27,853,1
29,28,260,1
29,30,305,1
29,31,447,1
29,32,1173,1
29,33,439,1
29,34,441,1
29,35,453,1
29,36,509,1
29,37,552,1
29,38,494,1
29,39,532,1
29,40,713,1
29,41,315,1
29,42,816,1
29,43,383,1
29,44,583,1
29,45,481,1
29,46,782,1
29,47,553,1
29,48,423,1
29,49,215,1
29,50,1044,1
29,51,1330,1
30,0,146,1
30,1,541,1
30,2,209,1
30,3,541,1
30,4,437,1
30,5,472,1
30,6,512,1
30,7,457,1
30,8,640,1
30,9,619,1
30,10,1187,1
30,11,800,1
30,12,1104,1
30,13,1239,1
30,14,443,1
30,15,357,1
30,16,296,1
30,17,80,1
30,18,332,1
30,19,236,1
30,20,150,1
30,21,104,1
30,22,152,1
30,23,421,1
30,24,556,1
30,25,853,1
30,26,931,1
30,27,844,1
30,28,445,1
30,29,305,1
30,31,190,1
30,32,948,1
30,33,281,1
30,34,268,1
30,35,271,1
30,36,354,1
30,37,386,1
30,38,310,1
30,39,353,1
30,40,409,1
30,41,439,1
30,42,583,1
30,43,285,1
30,44,293,1
30,45,416,1
30,46,896,1
30,47,414,1
30,48,198,1
30,49,262,1
30,50,936,1
30,51,1356,1
31,0,91,1
31,1,730,1
31,2,245,1
31,3,371,1
31,4,270,1
31,5,305,1
31,6,701,1
31,7,339,1
31,8,510,1
31,9,471,1
31,10,1031,1
31,11,651,1
31,12,1004,1
31,13,1161,1
31,14,270,1
31,15,331,1
31,16,430,1
31,17,163,1
31,18,220,1
31,19,300,1
31,20,340,1
31,21,97,1
31,22,267,1
31,23,263,1
31,24,409,1
31,25,766,1
31,26,823,1
31,27,725,1
31,28,492,1
31,29,447,1
31,30,190,1
31,32,759,1
31,33,151,1
31,34,130,1
31,35,123,1
31,36,203,1
31,37,221,1
31,38,148,1
31,39,186,1
31,40,311,1
31,41,628,1
31,42,394,1
31,43,207,1
31,44,151,1
31,45,312,1
31,46,845,1
31,47,261,1
31,48,50,1
31,49,306,1
31,50,767,1
31,51,1238,1
32,0,827,1
32,1,1489,1
32,2,903,1
32,3,517,1
32,4,590,1
32,5,568,1
32,6,1460,1
32,7,645,1
32,8,570,1
32,9,501,1
32,10,706,1
32,11,584,1
32,12,1010,1
32,13,1216,1
32,14,569,1
32,15,897,1
32,16,1120,1
32,17,903,1
32,18,701,1
32,19,990,1
32,20,1098,1
32,21,853,1
32,22,1002,1
32,23,621,1
32,24,606,1
32,25,917,1
32,26,862,1
32,27,767,1
32,28,1096,1
32,29,1173,1
32,30,948,1
32,31,759,1
32,33,734,1
32,34,732,1
32,35,720,1
32,36,669,1
32,37,625,1
32,38,679,1
32,39,642,1
32,40,704,1
32,41,1387,1
32,42,365,1
32,43,799,1
32,44,688,1
32,45,747,1
32,46,1095,1
32,47,636,1
32,48,764,1
32,49,974,1
32,50,475,1
32,51,1089,1
33,0,135,1
33,1,782,1
33,2,394,1
33,3,267,1
33,4,163,1
33,5,197,1
33,6,760,1
33,7,455,1
33,8,607,1
33,9,552,1
33,10,906,1
33,11,520,1
33,12,854,1
33,13,1010,1
33,14,176,1
33,15,211,1
33,16,561,1
33,17,290,1
33,18,351,1
33,19,257,1
33,20,416,1
33,21,180,1
33,22,275,1
33,23,142,1
33,24,275,1
33,25,614,1
33,26,674,1
33,27,579,1
33,28,402,1
33,29,439,1
33,30,281,1
33,31,151,1
33,32,734,1
33,34,21,1
33,35,34,1
33,36,76,1
33,37,115,1
33,38,59,1
33,39,92,1
33,40,442,1
33,41,684,1
33,42,382,1
33,43,80,1
33,44,276,1
33,45,161,1
33,46,697,1
33,47,133,1
33,48,105,1
33,49,244,1
33,50,656,1
33,51,1093,1
34,0,122,1
34,1,777,1
34,2,374,1
34,3,275,1
34,4,171,1
34,5,206,1
34,6,754,1
34,7,435,1
34,8,589,1
34,9,536,1
34,10,920,1
34,11,535,1
34,12,874,1
34,13,1031,1
34,14,181,1
34,15,229,1
34,16,545,1
34,17,273,1
34,18,330,1
34,19,262,1
34,20,406,1
34,21,165,1
34,22,273,1
34,23,153,1
34,24,290,1
34,25,635,1
34,26,694,1
34,27,598,1
34,28,416,1
34,29,441,1
34,30,268,1
34,31,130,1
34,32,732,1
34,33,21,1
34,35,15,1
34,36,86,1
34,37,121,1
34,38,53,1
34,39,93,1
34,40,421,1
34,41,678,1
34,42,376,1
34,43,96,1
34,44,256,1
34,45,182,1
34,46,718,1
34,47,146,1
34,48,85,1
34,49,252,1
34,50,668,1
34,51,1112,1
35,0,125,1
35,1,785,1
35,2,368,1
35,3,271,1
35,4,166,1
35,5,201,1
35,6,762,1
35,7,422,1
35,8,575,1
35,9,521,1
35,10,920,1
35,11,536,1
35,12,881,1
35,13,1039,1
35,14,175,1
35,15,243,1
35,16,543,1
35,17,271,1
35,18,318,1
35,19,275,1
35,20,411,1
35,21,167,1
35,22,283,1
35,23,151,1
35,24,292,1
35,25,644,1
35,26,700,1
35,27,603,1
35,28,431,1
35,29,453,1
35,30,271,1
35,31,123,1
35,32,720,1
35,33,34,1
35,34,15,1
35,36,85,1
35,37,115,1
35,38,43,1
35,39,85,1
35,40,408,1
35,41,686,1
35,42,364,1
35,43,111,1
35,44,243,1
35,45,191,1
35,46,730,1
35,47,145,1
35,48,81,1
35,49,266,1
35,50,665,1
35,51,1116,1
36,0,208,1
36,1,858,1
36,2,447,1
36,3,190,1
36,4,87,1
36,5,121,1
36,6,836,1
36,7,461,1
36,8,596,1
36,9,534,1
36,10,835,1
36,11,451,1
36,12,807,1
36,13,971,1
36,14,103,1
36,15,244,1
36,16,627,1
36,17,356,1
36,18,371,1
36,19,323,1
36,20,492,1
36,21,251,1
36,22,349,1
36,23,67,1
36,24,207,1
36,25,576,1
36,26,624,1
36,27,524,1
36,28,444,1
36,29,509,1
36,30,354,1
36,31,203,1
36,32,669,1
36,33,76,1
36,34,86,1
36,35,85,1
36,37,43,1
36,38,56,1
36,39,41,1
36,40,458,1
36,41,760,1
36,42,327,1
36,43,130,1
36,44,297,1
36,45,139,1
36,46,676,1
36,47,60,1
36,48,166,1
36,49,305,1
36,50,581,1
36,51,1036,1
37,0,240,1
37,1,897,1
37,2,462,1
37,3,155,1
37,4,51,1
37,5,86,1
37,6,875,1
37,7,446,1
37,8,572,1
37,9,506,1
37,10,810,1
37,11,430,1
37,12,804,1
37,13,975,1
37,14,61,1
37,15,284,1
37,16,650,1
37,17,380,1
37,18,366,1
37,19,366,1
37,20,527,1
37,21,281,1
37,22,390,1
37,23,45,1
37,24,191,1
37,25,580,1
37,26,620,1
37,27,517,1
37,28,484,1
37,29,552,1
37,30,386,1
37,31,221,1
37,32,625,1
37,33,115,1
37,34,121,1
37,35,115,1
37,36,43,1
37,38,76,1
37,39,35,1
37,40,449,1
37,41,799,1
37,42,286,1
37,43,173,1
37,44,294,1
37,45,164,1
37,46,691,1
37,47,49,1
37,48,191,1
37,49,348,1
37,50,551,1
37,51,1026,1
38,0,166,1
38,1,828,1
38,2,392,1
38,3,230,1
38,4,127,1
38,5,162,1
38,6,804,1
38,7,414,1
38,8,558,1
38,9,500,1
38,10,885,1
38,11,503,1
38,12,863,1
38,13,1026,1
38,14,133,1
38,15,265,1
38,16,576,1
38,17,305,1
38,18,319,1
38,19,314,1
38,20,453,1
38,21,206,1
38,22,326,1
38,23,115,1
38,24,261,1
38,25,630,1
38,26,680,1
38,27,580,1
38,28,459,1
38,29,494,1
38,30,310,1
38,31,148,1
38,32,679,1
38,33,59,1
38,34,53,1
38,35,43,1
38,36,56,1
38,37,76,1
38,39,43,1
38,40,407,1
38,41,729,1
38,42,324,1
38,43,136,1
38,44,244,1
38,45,186,1
38,46,726,1
38,47,113,1
38,48,115,1
38,49,302,1
38,50,626,1
38,51,1092,1
39,0,209,1
39,1,870,1
39,2,427,1
39,3,188,1
39,4,85,1
39,5,120,1
39,6,847,1
39,7,422,1
39,8,555,1
39,9,492,1
39,10,846,1
39,11,465,1
39,12,836,1
39,13,1004,1
39,14,90,1
39,15,282,1
39,16,615,1
39,17,345,1
39,18,336,1
39,19,348,1
39,20,496,1
39,21,249,1
39,22,366,1
39,23,79,1
39,24,226,1
39,25,609,1
39,26,653,1
39,27,550,1
39,28,481,1
39,29,532,1
39,30,353,1
39,31,186,1
39,32,642,1
39,33,92,1
39,34,93,1
39,35,85,1
39,36,41,1
39,37,35,1
39,38,43,1
39,40,421,1
39,41,771,1
39,42,293,1
39,43,162,1
39,44,263,1
39,45,179,1
39,46,714,1
39,47,81,1
39,48,157,1
39,49,334,1
39,50,585,1
39,51,1060,1
40,0,395,1
40,1,896,1
40,2,247,1
40,3,545,1
40,4,480,1
40,5,504,1
40,6,858,1
40,7,64,1
40,8,239,1
40,9,244,1
40,10,1180,1
40,11,836,1
40,12,1248,1
40,13,1423,1
40,14,464,1
40,15,641,1
40,16,443,1
40,17,330,1
40,18,92,1
40,19,601,1
40,20,525,1
40,21,378,1
40,22,545,1
40,23,492,1
40,24,628,1
40,25,1029,1
40,26,1063,1
40,27,956,1
40,28,802,1
40,29,713,1
40,30,409,1
40,31,311,1
40,32,704,1
40,33,442,1
40,34,421,1
40,35,408,1
40,36,458,1
40,37,449,1
40,38,407,1
40,39,421,1
40,41,796,1
40,42,402,1
40,43,512,1
40,44,166,1
40,45,593,1
40,46,1133,1
40,47,499,1
40,48,359,1
40,49,612,1
40,50,896,1
40,51,1453,1
41,0,566,1
41,1,103,1
41,2,550,1
41,3,950,1
41,4,848,1
41,5,881,1
41,6,76,1
41,7,856,1
41,8,1036,1
41,9,1032,1
41,10,1552,1
41,11,1170,1
41,12,1371,1
41,13,1457,1
41,14,860,1
41,15,640,1
41,16,408,1
41,17,493,1
41,18,742,1
41,19,477,1
41,20,290,1
41,21,535,1
41,22,415,1
41,23,825,1
41,24,936,1
41,25,1120,1
41,26,1226,1
41,27,1163,1
41,28,571,1
41,29,315,1
41,30,439,1
41,31,628,1
41,32,1387,1
41,33,684,1
41,34,678,1
41,35,686,1
41,36,760,1
41,37,799,1
41,38,729,1
41,39,771,1
41,40,796,1
41,42,1022,1
41,43,651,1
41,44,721,1
41,45,769,1
41,46,1093,1
41,47,814,1
41,48,627,1
41,49,510,1
41,50,1329,1
41,51,1645,1
42,0,464,1
42,1,1124,1
42,2,557,1
42,3,245,1
42,4,267,1
42,5,260,1
42,6,1095,1
42,7,359,1
42,8,390,1
42,9,308,1
42,10,789,1
42,11,484,1
42,12,931,1
42,13,1125,1
42,14,242,1
42,15,570,1
42,16,773,1
42,17,541,1
42,18,368,1
42,19,638,1
42,20,733,1
42,21,488,1
42,22,641,1
42,23,298,1
42,24,354,1
42,25,756,1
42,26,751,1
42,27,641,1
42,28,771,1
42,29,816,1
42,30,583,1
42,31,394,1
42,32,365,1
42,33,382,1
42,34,376,1
42,35,364,1
42,36,327,1
42,37,286,1
42,38,324,1
42,39,293,1
42,40,402,1
42,41,1022,1
42,43,455,1
42,44,337,1
42,45,437,1
42,46,904,1
42,47,313,1
42,48,400,1
42,49,626,1
42,50,504,1
42,51,1097,1
43,0,154,1
43,1,745,1
43,2,434,1
43,3,307,1
43,4,212,1
43,5,241,1
43,6,727,1
43,7,530,1
43,8,686,1
43,9,632,1
43,10,913,1
43,11,526,1
43,12,822,1
43,13,966,1
43,14,231,1
43,15,132,1
43,16,579,1
43,17,315,1
43,18,420,1
43,19,194,1
43,20,402,1
43,21,199,1
43,22,236,1
43,23,184,1
43,24,286,1
43,25,575,1
43,26,647,1
43,27,559,1
43,28,322,1
43,29,383,1
43,30,285,1
43,31,207,1
43,32,799,1
43,33,80,1
43,34,96,1
43,35,111,1
43,36,130,1
43,37,173,1
43,38,136,1
43,39,162,1
43,40,512,1
43,41,651,1
43,42,455,1
43,44,347,1
43,45,131,1
43,46,640,1
43,47,170,1
43,48,157,1
43,49,175,1
43,50,678,1
43,51,1071,1
44,0,240,1
44,1,823,1
44,2,220,1
44,3,411,1
44,4,331,1
44,5,360,1
44,6,789,1
44,7,187,1
44,8,361,1
44,9,329,1
44,10,1068,1
44,11,705,1
44,12,1098,1
44,13,1268,1
44,14,320,1
44,15,476,1
44,16,437,1
44,17,228,1
44,18,75,1
44,19,450,1
44,20,433,1
44,21,233,1
44,22,407,1
44,23,338,1
44,24,481,1
44,25,872,1
44,26,914,1
44,27,809,1
44,28,644,1
44,29,583,1
44,30,293,1
44,31,151,1
44,32,688,1
44,33,276,1
44,34,256,1
44,35,243,1
44,36,297,1
44,37,294,1
44,38,244,1
44,39,263,1
44,40,166,1
44,41,721,1
44,42,337,1
44,43,347,1
44,45,430,1
44,46,970,1
44,47,343,1
44,48,196,1
44,49,457,1
44,50,790,1
44,51,1315,1
45,0,280,1
45,1,859,1
45,2,553,1
45,3,231,1
45,4,171,1
45,5,182,1
45,6,844,1
45,7,599,1
45,8,734,1
45,9,670,1
45,10,787,1
45,11,401,1
45,12,696,1
45,13,849,1
45,14,196,1
45,15,156,1
45,16,708,1
45,17,441,1
45,18,504,1
45,19,295,1
45,20,530,1
45,21,326,1
45,22,357,1
45,23,140,1
45,24,173,1
45,25,454,1
45,26,519,1
45,27,429,1
45,28,349,1
45,29,481,1
45,30,416,1
45,31,312,1
45,32,747,1
45,33,161,1
45,34,182,1
45,35,191,1
45,36,139,1
45,37,164,1
45,38,186,1
45,39,179,1
45,40,593,1
45,41,769,1
45,42,437,1
45,43,131,1
45,44,430,1
45,46,540,1
45,47,125,1
45,48,265,1
45,49,266,1
45,50,564,1
45,51,941,1
46,0,791,1
46,1,1151,1
46,2,1072,1
46,3,660,1
46,4,674,1
46,5,662,1
46,6,1157,1
46,7,1136,1
46,8,1257,1
46,9,1185,1
46,10,705,1
46,11,517,1
46,12,324,1
46,13,365,1
46,14,696,1
46,15,539,1
46,16,1188,1
46,17,946,1
46,18,1045,1
46,19,680,1
46,20,958,1
46,21,832,1
46,22,774,1
46,23,653,1
46,24,551,1
46,25,186,1
46,26,292,1
46,27,344,1
46,28,523,1
46,29,782,1
46,30,896,1
46,31,845,1
46,32,1095,1
46,33,697,1
46,34,718,1
46,35,730,1
46,36,676,1
46,37,691,1
46,38,726,1
46,39,714,1
46,40,1133,1
46,41,1093,1
46,42,904,1
46,43,640,1
46,44,970,1
46,45,540,1
46,47,642,1
46,48,796,1
46,49,646,1
46,50,682,1
46,51,598,1
47,0,267,1
47,1,910,1
47,2,505,1
47,3,137,1
47,4,47,1
47,5,71,1
47,6,890,1
47,7,495,1
47,8,618,1
47,9,550,1
47,10,775,1
47,11,391,1
47,12,756,1
47,13,925,1
47,14,72,1
47,15,262,1
47,16,687,1
47,17,416,1
47,18,415,1
47,19,365,1
47,20,549,1
47,21,311,1
47,22,401,1
47,23,16,1
47,24,148,1
47,25,531,1
47,26,572,1
47,27,470,1
47,28,462,1
47,29,553,1
47,30,414,1
47,31,261,1
47,32,636,1
47,33,133,1
47,34,146,1
47,35,145,1
47,36,60,1
47,37,49,1
47,38,113,1
47,39,81,1
47,40,499,1
47,41,814,1
47,42,313,1
47,43,170,1
47,44,343,1
47,45,125,1
47,46,642,1
47,48,225,1
47,49,343,1
47,50,523,1
47,51,980,1
48,0,64,1
48,1,728,1
48,2,288,1
48,3,345,1
48,4,242,1
48,5,277,1
48,6,702,1
48,7,383,1
48,8,551,1
48,9,507,1
48,10,1000,1
48,11,617,1
48,12,959,1
48,13,1114,1
48,14,246,1
48,15,282,1
48,16,462,1
48,17,190,1
48,18,267,1
48,19,264,1
48,20,344,1
48,21,94,1
48,22,244,1
48,23,230,1
48,24,373,1
48,25,719,1
48,26,779,1
48,27,683,1
48,28,448,1
48,29,423,1
48,30,198,1
48,31,50,1
48,32,764,1
48,33,105,1
48,34,85,1
48,35,81,1
48,36,166,1
48,37,191,1
48,38,115,1
48,39,157,1
48,40,359,1
48,41,627,1
48,42,400,1
48,43,157,1
48,44,196,1
48,45,265,1
48,46,796,1
48,47,225,1
48,49,265,1
48,50,742,1
48,51,1197,1
49,0,217,1
49,1,596,1
49,2,463,1
49,3,478,1
49,4,387,1
49,5,414,1
49,6,585,1
49,7,644,1
49,8,815,1
49,9,772,1
49,10,1043,1
49,11,663,1
49,12,885,1
49,13,1000,1
49,14,406,1
49,15,130,1
49,16,544,1
49,17,329,1
49,18,522,1
49,19,35,1
49,20,313,1
49,21,237,1
49,22,127,1
49,23,358,1
49,24,439,1
49,25,631,1
49,26,726,1
49,27,656,1
49,28,191,1
49,29,215,1
49,30,262,1
49,31,306,1
49,32,974,1
49,33,244,1
49,34,252,1
49,35,266,1
49,36,305,1
49,37,348,1
49,38,302,1
49,39,334,1
49,40,612,1
49,41,510,1
49,42,626,1
49,43,175,1
49,44,457,1
49,45,266,1
49,46,646,1
49,47,343,1
49,48,265,1
49,50,830,1
49,51,1151,1
50,0,789,1
50,1,1422,1
50,2,995,1
50,3,397,1
50,4,500,1
50,5,465,1
50,6,1405,1
50,7,860,1
50,8,883,1
50,9,800,1
50,10,285,1
50,11,188,1
50,12,540,1
50,13,745,1
50,14,497,1
50,15,710,1
50,16,1197,1
50,17,929,1
50,18,843,1
50,19,859,1
50,20,1072,1
50,21,832,1
50,22,914,1
50,23,515,1
50,24,393,1
50,25,496,1
50,26,410,1
50,27,337,1
50,28,871,1
50,29,1044,1
50,30,936,1
50,31,767,1
50,32,475,1
50,33,656,1
50,34,668,1
50,35,665,1
50,36,581,1
50,37,551,1
50,38,626,1
50,39,585,1
50,40,896,1
50,41,1329,1
50,42,504,1
50,43,678,1
50,44,790,1
50,45,564,1
50,46,682,1
50,47,523,1
50,48,742,1
50,49,830,1
50,51,625,1
51,0,1220,1
51,1,1716,1
51,2,1484,1
51,3,909,1
51,4,984,1
51,5,955,1
51,6,1715,1
51,7,1430,1
51,8,1487,1
51,9,1404,1
51,10,399,1
51,11,619,1
51,12,279,1
51,13,319,1
51,14,995,1
51,15,1023,1
51,16,1649,1
51,17,1381,1
51,18,1382,1
51,19,1186,1
51,20,1457,1
51,21,1266,1
51,22,1271,1
51,23,982,1
51,24,835,1
51,25,525,1
51,26,426,1
51,27,514,1
51,28,1082,1
51,29,1330,1
51,30,1356,1
51,31,1238,1
51,32,1089,1
51,33,1093,1
51,34,1112,1
51,35,1116,1
51,36,1036,1
51,37,1026,1
51,38,1092,1
51,39,1060,1
51,40,1453,1
51,41,1645,1
51,42,1097,1
51,43,1071,1
51,44,1315,1
51,45,941,1
51,46,598,1
51,47,980,1
51,48,1197,1
51,49,1151,1
51,50,625,1
